
best_val_epoch: 9740
best_val_mse: 0.00012008792085909001
best_val_tau: 0.9026608235948802
best_val_rho: 0.9852213595037762
best_val_p10: 0.9855000000000002
best_val_p20: 0.9864999999999999

mse: 0.00010101452934636913
rho: 0.9875299462577287
tau: 0.9076438673341678
prec_at_10: 0.9915
prec_at_20: 0.9975
