
best_val_epoch: 9700
best_val_mse: 0.00022888674375860186
best_val_tau: 0.8376576937337781
best_val_rho: 0.9370810289889248
best_val_p10: 0.8923333333333335
best_val_p20: 0.9031666666666667

mse: 0.000610384411502055
rho: 0.882097812359592
tau: 0.7662443239736818
prec_at_10: 0.8679999999999999
prec_at_20: 0.8821666666666665
