
best_val_epoch: 29620
best_val_mse: 0.0014562938882565135
best_val_tau: 0.7516394720179241
best_val_rho: 0.9065741707314505
best_val_p10: 0.6528571428571429
best_val_p20: 0.7028571428571428

mse: 0.0014129908628663479
rho: 0.8983857187369988
tau: 0.7382266072797634
prec_at_10: 0.6764285714285714
prec_at_20: 0.7507142857142857
