
best_val_epoch: 29210
best_val_mse: 0.00142786866659318
best_val_tau: 0.7542607114444824
best_val_rho: 0.9080980259155064
best_val_p10: 0.6828571428571428
best_val_p20: 0.7157142857142859

mse: 0.001471390652704901
rho: 0.8999623666347335
tau: 0.7402760030667007
prec_at_10: 0.6757142857142857
prec_at_20: 0.7510714285714286
