
best_val_epoch: 9625
best_val_mse: 0.00024525466881932716
best_val_tau: 0.8281691756272399
best_val_rho: 0.9164050897182178
best_val_p10: 0.885
best_val_p20: 0.8775

mse: 0.0004021391090144845
rho: 0.8822718295406222
tau: 0.7792664720600501
prec_at_10: 0.8756666666666668
prec_at_20: 0.8711666666666668
