
best_val_epoch: 9190
best_val_mse: 0.00019396109509532976
best_val_tau: 0.8989757929883138
best_val_rho: 0.9841313539759833
best_val_p10: 0.9840000000000001
best_val_p20: 0.9947499999999999

mse: 0.00017083017314009922
rho: 0.9869397795934057
tau: 0.9048928973717147
prec_at_10: 0.9830000000000001
prec_at_20: 0.9864999999999999
