
best_val_epoch: 9800
best_val_mse: 0.0002698649136130033
best_val_tau: 0.8132652741729492
best_val_rho: 0.9066854354689876
best_val_p10: 0.8796666666666666
best_val_p20: 0.8686666666666667

mse: 0.00043533464776807605
rho: 0.8597223177701282
tau: 0.7558297748123437
prec_at_10: 0.8729999999999999
prec_at_20: 0.8648333333333333
