
best_val_epoch: 9250
best_val_mse: 0.00012532208497684536
best_val_tau: 0.9058717863105176
best_val_rho: 0.9856570823807843
best_val_p10: 0.9915
best_val_p20: 0.9904999999999999

mse: 0.0001439486726083235
rho: 0.9878682846770075
tau: 0.9091329787234044
prec_at_10: 0.9865
prec_at_20: 0.9940000000000001
